[gd_scene load_steps=15 format=3 uid="uid://b7h7ccuobuso3"]

[ext_resource type="PackedScene" uid="uid://bxj8y6qvnhm4w" path="res://Tscn's/Player.tscn" id="1_svc71"]
[ext_resource type="Material" path="res://Materials/Fence.tres" id="2_hdeur"]
[ext_resource type="Material" uid="uid://b0p18gxn3nfln" path="res://Materials/Wall.tres" id="3_qckp1"]
[ext_resource type="Material" uid="uid://ddgqk5ag3vvda" path="res://Materials/Ground.tres" id="4_y0u00"]
[ext_resource type="PackedScene" uid="uid://c5u5vyx0i024q" path="res://Furneture/candle.tscn" id="6_bb4o6"]
[ext_resource type="PackedScene" path="res://Furneture/CrystalBall.tscn" id="6_svc71"]
[ext_resource type="PackedScene" uid="uid://cigjasc31lvay" path="res://Tscn's/ethereal_music.tscn" id="7_o52dv"]

[sub_resource type="StandardMaterial3D" id="StandardMaterial3D_hdeur"]
albedo_color = Color(0.00392157, 0.376471, 0, 1)

[sub_resource type="StandardMaterial3D" id="StandardMaterial3D_2ud1r"]
albedo_color = Color(0.489622, 0.489622, 0.489622, 1)
emission_enabled = true
emission = Color(0.912289, 0.912289, 0.912289, 1)

[sub_resource type="ProceduralSkyMaterial" id="ProceduralSkyMaterial_2ud1r"]
sky_top_color = Color(0.309484, 0.372156, 0.455679, 1)
sky_horizon_color = Color(0.270588, 0.0862745, 0.290196, 1)
sky_cover_modulate = Color(0, 0, 0, 1)
energy_multiplier = 0.5

[sub_resource type="Sky" id="Sky_svc71"]
sky_material = SubResource("ProceduralSkyMaterial_2ud1r")

[sub_resource type="Environment" id="Environment_svc71"]
background_mode = 2
background_color = Color(0.93408, 0.93408, 0.93408, 1)
background_energy_multiplier = 0.1
sky = SubResource("Sky_svc71")
ambient_light_energy = 0.05

[sub_resource type="StandardMaterial3D" id="StandardMaterial3D_svc71"]
albedo_color = Color(1, 0, 0, 1)

[sub_resource type="BoxShape3D" id="BoxShape3D_2ud1r"]
size = Vector3(1.94336, 2.66846, 0.58252)

[node name="jacobPorch" type="Node3D"]

[node name="Player" parent="." instance=ExtResource("1_svc71")]
transform = Transform3D(1, 0, 0, 0, 1, 0, 0, 0, 1, -5.00153, 0.915037, -4.98204)

[node name="Ground" type="CSGBox3D" parent="."]
transform = Transform3D(1, 0, 0, 0, 1, 0, 0, 0, 1, -5.3351, 0.862844, -4.52568)
use_collision = true
size = Vector3(11.9858, 0.2, 4.15076)
material = ExtResource("2_hdeur")

[node name="Ground3" type="CSGBox3D" parent="."]
transform = Transform3D(1, 0, 0, 0, 1, 0, 0, 0, 1, -53.8157, 0.395787, 9.28023)
use_collision = true
size = Vector3(210.721, 0.2, 226.48)
material = SubResource("StandardMaterial3D_hdeur")

[node name="Ground2" type="CSGBox3D" parent="."]
transform = Transform3D(1, 0, 0, 0, 1, 0, 0, 0, 1, -5.60996, 4.77166, -4.9414)
use_collision = true
size = Vector3(13.3002, 0.2, 3.73496)
material = ExtResource("4_y0u00")

[node name="Wall" type="CSGBox3D" parent="."]
transform = Transform3D(-4.37114e-08, 0, 1, 0, 1, 0, -1, 0, -4.37114e-08, -4.97577, 2.79607, -3.28424)
use_collision = true
size = Vector3(0.443787, 4.46863, 34.2325)
material = ExtResource("3_qckp1")

[node name="Wall4" type="CSGBox3D" parent="."]
transform = Transform3D(2.29282e-15, -5.24537e-08, -1.2, -1.2, -5.24537e-08, 0, -5.24537e-08, 1.2, -5.24537e-08, -11.2344, 1.80005, -4.46914)
use_collision = true
size = Vector3(0.210052, 1.00684, 0.241235)
material = ExtResource("4_y0u00")

[node name="Wall6" type="CSGBox3D" parent="Wall4"]
transform = Transform3D(0.00231414, -0.998868, -0.0475208, 0.0485855, 0.0475772, -0.997685, 0.998816, -3.46918e-08, 0.0486405, 0.346021, -0.576719, -0.00216076)
use_collision = true
size = Vector3(0.242363, 0.927422, 0.162308)
material = ExtResource("4_y0u00")

[node name="Wall5" type="CSGBox3D" parent="Wall4"]
transform = Transform3D(-0.000137885, -0.998868, -0.0475769, -0.00289394, 0.0475772, -0.998863, 0.999996, -3.46918e-08, -0.0028973, 0.382277, 0.500108, -0.0542997)
use_collision = true
size = Vector3(0.226288, 0.908474, 0.22422)
material = ExtResource("4_y0u00")

[node name="Wall3" type="CSGBox3D" parent="Wall4"]
transform = Transform3D(1, 8.74228e-08, 3.82137e-15, 8.74228e-08, -1, -8.74228e-08, -3.82137e-15, 8.74228e-08, -1, 0.0444053, -1.18161, -0.0561409)
use_collision = true
size = Vector3(0.210052, 1.27955, 0.241235)
material = ExtResource("4_y0u00")

[node name="Wall6" type="CSGBox3D" parent="Wall4/Wall3"]
transform = Transform3D(0.00231414, -0.998868, -0.0475208, 0.0485855, 0.0475772, -0.997685, 0.998816, -3.46918e-08, 0.0486405, 0.346021, -0.576719, -0.00216076)
use_collision = true
size = Vector3(0.242363, 0.927422, 0.162308)
material = ExtResource("4_y0u00")

[node name="Wall5" type="CSGBox3D" parent="Wall4/Wall3"]
transform = Transform3D(-0.000137885, -0.998868, -0.0475769, -0.00289394, 0.0475772, -0.998863, 0.999996, -3.46918e-08, -0.0028973, 0.382277, 0.500108, -0.0542997)
use_collision = true
size = Vector3(0.226288, 0.908474, 0.22422)
material = ExtResource("4_y0u00")

[node name="Wall5" type="CSGBox3D" parent="."]
transform = Transform3D(-9.05975e-08, -1.2, -1.04907e-07, -1.2, 9.05975e-08, 1.04907e-07, -1.04907e-07, 1.04907e-07, -1.2, -0.191674, 1.80779, -6.58787)
use_collision = true
size = Vector3(0.210052, 1.27955, 0.274461)
material = ExtResource("4_y0u00")

[node name="Wall6" type="CSGBox3D" parent="Wall5"]
transform = Transform3D(0.00231414, -0.998868, -0.0475208, 0.0485855, 0.0475772, -0.997685, 0.998816, -3.46918e-08, 0.0486405, 0.346021, -0.576719, -0.00216076)
use_collision = true
size = Vector3(0.242363, 0.927422, 0.162308)
material = ExtResource("4_y0u00")

[node name="Wall5" type="CSGBox3D" parent="Wall5"]
transform = Transform3D(-0.000137885, -0.998868, -0.0475769, -0.00289394, 0.0475772, -0.998863, 0.999996, -3.46918e-08, -0.0028973, 0.376039, 0.49927, -0.0543931)
use_collision = true
size = Vector3(0.226288, 0.908474, 0.22422)
material = ExtResource("4_y0u00")

[node name="Wall7" type="CSGBox3D" parent="Wall5"]
transform = Transform3D(1, -3.55271e-15, -7.10543e-15, 3.55271e-15, 1, 0, 7.10543e-15, 0, 1, 0.0194403, 1.25477, -0.0515404)
use_collision = true
size = Vector3(0.210052, 1.27955, 0.252953)
material = ExtResource("4_y0u00")

[node name="Wall6" type="CSGBox3D" parent="Wall5/Wall7"]
transform = Transform3D(0.00231414, -0.998868, -0.0475208, 0.0485855, 0.0475772, -0.997685, 0.998816, -3.46918e-08, 0.0486405, 0.346021, -0.576719, -0.00216076)
use_collision = true
size = Vector3(0.242363, 0.927422, 0.162308)
material = ExtResource("4_y0u00")

[node name="Wall5" type="CSGBox3D" parent="Wall5/Wall7"]
transform = Transform3D(-0.000137885, -0.998868, -0.0475769, -0.00289394, 0.0475772, -0.998863, 0.999996, -3.46918e-08, -0.0028973, 0.376031, 0.499112, 0.000206947)
use_collision = true
size = Vector3(0.249199, 0.908474, 0.22422)
material = ExtResource("4_y0u00")

[node name="Wall8" type="CSGBox3D" parent="Wall5"]
transform = Transform3D(1, -3.55271e-15, -7.10543e-15, 3.55271e-15, 1, 0, 7.10543e-15, 0, 1, -0.0100002, 2.48594, -0.0398126)
use_collision = true
size = Vector3(0.210052, 1.27955, 0.274461)
material = ExtResource("4_y0u00")

[node name="Wall6" type="CSGBox3D" parent="Wall5/Wall8"]
transform = Transform3D(0.00231414, -0.998868, -0.0475208, 0.0485855, 0.0475772, -0.997685, 0.998816, -3.46918e-08, 0.0486405, 0.346021, -0.576719, -0.00216076)
use_collision = true
size = Vector3(0.242363, 0.927422, 0.162308)
material = ExtResource("4_y0u00")

[node name="Wall5" type="CSGBox3D" parent="Wall5/Wall8"]
transform = Transform3D(-0.000137885, -0.998868, -0.0475769, -0.00289394, 0.0475772, -0.998863, 0.999996, -3.46918e-08, -0.0028973, 0.376031, 0.499112, 8.4877e-05)
use_collision = true
size = Vector3(0.215263, 0.908474, 0.22422)
material = ExtResource("4_y0u00")

[node name="Wall9" type="CSGBox3D" parent="Wall5"]
transform = Transform3D(1, -3.55271e-15, -7.10543e-15, 3.55271e-15, 1, 0, 7.10543e-15, 0, 1, 0.0194404, 3.64123, -0.0515404)
use_collision = true
size = Vector3(0.210052, 1.27955, 0.252953)
material = ExtResource("4_y0u00")

[node name="Wall6" type="CSGBox3D" parent="Wall5/Wall9"]
transform = Transform3D(0.00231414, -0.998868, -0.0475208, 0.0485855, 0.0475772, -0.997685, 0.998816, -3.46918e-08, 0.0486405, 0.346021, -0.576719, -0.00216076)
use_collision = true
size = Vector3(0.242363, 0.927422, 0.162308)
material = ExtResource("4_y0u00")

[node name="Wall5" type="CSGBox3D" parent="Wall5/Wall9"]
transform = Transform3D(-0.000137885, -0.998868, -0.0475769, -0.00289394, 0.0475772, -0.998863, 0.999996, -3.46918e-08, -0.0028973, 0.376031, 0.499112, 0.000206947)
use_collision = true
size = Vector3(0.249199, 0.908474, 0.22422)
material = ExtResource("4_y0u00")

[node name="Wall6" type="CSGBox3D" parent="."]
transform = Transform3D(-9.05975e-08, -1.2, -1.04907e-07, -1.2, 9.05975e-08, 1.04907e-07, -1.04907e-07, 1.04907e-07, -1.2, -6.01148, 1.78809, -6.51856)
use_collision = true
size = Vector3(0.210052, 1.27955, 0.274461)
material = ExtResource("4_y0u00")

[node name="Wall6" type="CSGBox3D" parent="Wall6"]
transform = Transform3D(0.00231414, -0.998868, -0.0475208, 0.0485855, 0.0475772, -0.997685, 0.998816, -3.46918e-08, 0.0486405, 0.346021, -0.576719, -0.00216076)
use_collision = true
size = Vector3(0.242363, 0.927422, 0.162308)
material = ExtResource("4_y0u00")

[node name="Wall5" type="CSGBox3D" parent="Wall6"]
transform = Transform3D(-0.000137885, -0.998868, -0.0475769, -0.00289394, 0.0475772, -0.998863, 0.999996, -3.46918e-08, -0.0028973, 0.376039, 0.49927, -0.0543931)
use_collision = true
size = Vector3(0.226288, 0.908474, 0.22422)
material = ExtResource("4_y0u00")

[node name="Wall7" type="CSGBox3D" parent="Wall6"]
transform = Transform3D(1, -3.55271e-15, -7.10543e-15, 3.55271e-15, 1, 0, 7.10543e-15, 0, 1, 0.0194403, 1.25477, -0.0515404)
use_collision = true
size = Vector3(0.210052, 1.27955, 0.252953)
material = ExtResource("4_y0u00")

[node name="Wall6" type="CSGBox3D" parent="Wall6/Wall7"]
transform = Transform3D(0.00231414, -0.998868, -0.0475208, 0.0485855, 0.0475772, -0.997685, 0.998816, -3.46918e-08, 0.0486405, 0.346021, -0.576719, -0.00216076)
use_collision = true
size = Vector3(0.242363, 0.927422, 0.162308)
material = ExtResource("4_y0u00")

[node name="Wall5" type="CSGBox3D" parent="Wall6/Wall7"]
transform = Transform3D(-0.000137885, -0.998868, -0.0475769, -0.00289394, 0.0475772, -0.998863, 0.999996, -3.46918e-08, -0.0028973, 0.376031, 0.499112, 0.000206947)
use_collision = true
size = Vector3(0.249199, 0.908474, 0.22422)
material = ExtResource("4_y0u00")

[node name="Wall8" type="CSGBox3D" parent="Wall6"]
transform = Transform3D(1, -3.55271e-15, -7.10543e-15, 3.55271e-15, 1, 0, 7.10543e-15, 0, 1, -0.0100002, 2.48594, -0.0398126)
use_collision = true
size = Vector3(0.210052, 1.27955, 0.274461)
material = ExtResource("4_y0u00")

[node name="Wall6" type="CSGBox3D" parent="Wall6/Wall8"]
transform = Transform3D(0.00231414, -0.998868, -0.0475208, 0.0485855, 0.0475772, -0.997685, 0.998816, -3.46918e-08, 0.0486405, 0.346021, -0.576719, -0.00216076)
use_collision = true
size = Vector3(0.242363, 0.927422, 0.162308)
material = ExtResource("4_y0u00")

[node name="Wall5" type="CSGBox3D" parent="Wall6/Wall8"]
transform = Transform3D(-0.000137885, -0.998868, -0.0475769, -0.00289394, 0.0475772, -0.998863, 0.999996, -3.46918e-08, -0.0028973, 0.376031, 0.499112, 8.4877e-05)
use_collision = true
size = Vector3(0.215263, 0.908474, 0.22422)
material = ExtResource("4_y0u00")

[node name="Wall9" type="CSGBox3D" parent="Wall6"]
transform = Transform3D(1, -3.55271e-15, -7.10543e-15, 3.55271e-15, 1, 0, 7.10543e-15, 0, 1, 0.0194404, 3.64123, -0.0515404)
use_collision = true
size = Vector3(0.210052, 1.27955, 0.252953)
material = ExtResource("4_y0u00")

[node name="Wall6" type="CSGBox3D" parent="Wall6/Wall9"]
transform = Transform3D(0.00231414, -0.998868, -0.0475208, 0.0485855, 0.0475772, -0.997685, 0.998816, -3.46918e-08, 0.0486405, 0.346021, -0.576719, -0.00216076)
use_collision = true
size = Vector3(0.242363, 0.927422, 0.162308)
material = ExtResource("4_y0u00")

[node name="Wall5" type="CSGBox3D" parent="Wall6/Wall9"]
transform = Transform3D(-0.000137885, -0.998868, -0.0475769, -0.00289394, 0.0475772, -0.998863, 0.999996, -3.46918e-08, -0.0028973, 0.376031, 0.499112, 0.000206947)
use_collision = true
size = Vector3(0.249199, 0.908474, 0.22422)
material = ExtResource("4_y0u00")

[node name="Candle" parent="." instance=ExtResource("6_bb4o6")]
transform = Transform3D(1, 0, 0, 0, 1, 0, 0, 0, 1, -5.38357, 1.41242, -7.19139)

[node name="Candle2" parent="." instance=ExtResource("6_bb4o6")]
transform = Transform3D(1, 0, 0, 0, 1, 0, 0, 0, 1, -6.97826, 1.42437, -7.21489)

[node name="CSGSphere3D" type="CSGSphere3D" parent="."]
transform = Transform3D(1, 0, 0, 0, 1, 0, 0, 0, 1, -9.20803, 8.79019, -17.358)
material = SubResource("StandardMaterial3D_2ud1r")

[node name="Wall7" type="CSGBox3D" parent="."]
transform = Transform3D(2.29282e-15, -5.24537e-08, -1.2, -1.2, -5.24537e-08, 0, -5.24537e-08, 1.2, -5.24537e-08, 0.454678, 1.80005, -4.46914)
use_collision = true
size = Vector3(0.210052, 1.00684, 0.241235)
material = ExtResource("4_y0u00")

[node name="Wall6" type="CSGBox3D" parent="Wall7"]
transform = Transform3D(0.00231414, -0.998868, -0.0475208, 0.0485855, 0.0475772, -0.997685, 0.998816, -3.46918e-08, 0.0486405, 0.346021, -0.576719, -0.00216076)
use_collision = true
size = Vector3(0.242363, 0.927422, 0.162308)
material = ExtResource("4_y0u00")

[node name="Wall5" type="CSGBox3D" parent="Wall7"]
transform = Transform3D(-0.000137885, -0.998868, -0.0475769, -0.00289394, 0.0475772, -0.998863, 0.999996, -3.46918e-08, -0.0028973, 0.382277, 0.500108, -0.0542997)
use_collision = true
size = Vector3(0.226288, 0.908474, 0.22422)
material = ExtResource("4_y0u00")

[node name="Wall3" type="CSGBox3D" parent="Wall7"]
transform = Transform3D(1, 8.74228e-08, 3.82137e-15, 8.74228e-08, -1, -8.74228e-08, -3.82137e-15, 8.74228e-08, -1, 0.0444053, -1.18161, -0.0561409)
use_collision = true
size = Vector3(0.210052, 1.27955, 0.241235)
material = ExtResource("4_y0u00")

[node name="Wall6" type="CSGBox3D" parent="Wall7/Wall3"]
transform = Transform3D(0.00231414, -0.998868, -0.0475208, 0.0485855, 0.0475772, -0.997685, 0.998816, -3.46918e-08, 0.0486405, 0.346021, -0.576719, -0.00216076)
use_collision = true
size = Vector3(0.242363, 0.927422, 0.162308)
material = ExtResource("4_y0u00")

[node name="Wall5" type="CSGBox3D" parent="Wall7/Wall3"]
transform = Transform3D(-0.000137885, -0.998868, -0.0475769, -0.00289394, 0.0475772, -0.998863, 0.999996, -3.46918e-08, -0.0028973, 0.382277, 0.500108, -0.0542997)
use_collision = true
size = Vector3(0.226288, 0.908474, 0.22422)
material = ExtResource("4_y0u00")

[node name="Candle3" parent="." instance=ExtResource("6_bb4o6")]
transform = Transform3D(1, 0, 0, 0, 1, 0, 0, 0, 1, 0.14013, 1.42779, -7.27016)

[node name="Candle4" parent="." instance=ExtResource("6_bb4o6")]
transform = Transform3D(1, 0, 0, 0, 1, 0, 0, 0, 1, -11.505, 1.42779, -7.14974)

[node name="WorldEnvironment" type="WorldEnvironment" parent="."]
environment = SubResource("Environment_svc71")

[node name="Wall9" type="CSGBox3D" parent="."]
transform = Transform3D(1.19858, -4.44048e-08, 0.0583687, -0.00277697, 1.19864, 0.057025, -0.0583027, -0.0570927, 1.19722, -11.1696, 2.90082, -5.26976)
use_collision = true
size = Vector3(0.242363, 3.54586, 0.162308)
material = ExtResource("4_y0u00")

[node name="Wall8" type="CSGBox3D" parent="."]
transform = Transform3D(1.19858, -4.41257e-08, 0.0583687, -0.00277697, 1.19864, 0.057025, -0.0583027, -0.0570927, 1.19722, 0.519454, 2.85092, -5.26739)
use_collision = true
size = Vector3(0.242363, 3.46261, 0.162308)
material = ExtResource("4_y0u00")

[node name="StaticBody3D" type="StaticBody3D" parent="." groups=["door"]]
transform = Transform3D(1, 0, 0, 0, 1, 0, 0, 0, 1, -5.55522, 2.29206, -3.51515)

[node name="CSGBox3D" type="CSGBox3D" parent="StaticBody3D" groups=["door"]]
size = Vector3(1.95581, 2.77058, 0.115234)
material = SubResource("StandardMaterial3D_svc71")

[node name="CollisionShape3D" type="CollisionShape3D" parent="StaticBody3D" groups=["door"]]
transform = Transform3D(1, 0, 0, 0, 1, 0, 0, 0, 1, 0.00976563, 0.0183105, 0.20874)
shape = SubResource("BoxShape3D_2ud1r")

[node name="CSGSphere3D2" type="CSGSphere3D" parent="."]
transform = Transform3D(0.183049, 0, 0, 0, 0.159702, 0, 0, 0, 0.135039, -6.26953, 2.18731, -3.63691)

[node name="CrystalBall" parent="." instance=ExtResource("6_svc71")]
transform = Transform3D(1, 0, 0, 0, 1, 0, 0, 0, 1, -1.77924, 2.25869, -6.54422)

[node name="Ethereal_music" parent="." instance=ExtResource("7_o52dv")]
volume_db = -16.812
autoplay = true
